LEARNING CURVE - sin4pi
==================================================
   gen     fitness   size   cross   rec
----------------------------------------
     0    -0.03846     26      28     2
   107    -0.01771     16      44     5
   214    -0.01767     16      66     6
   321    -0.01767     16      66     6
   428    -0.01346     16      93     8
   535    -0.01257     16      92    10
   642    -0.01034     16     101    11
   749    -0.00713     16     106    12
   856    -0.00713     16     106    12
   963    -0.00713     16     106    12
  1070    -0.00711     16     110    12
  1177    -0.00711     16     110    12
  1284    -0.00708     16     100    10
  1391    -0.00548     16     113    12
  1499    -0.00547     16     109    12

ASCII PLOT (fitness over generations):
  -0.0055  |                        **************************|
  -0.0085  |                     *****************************|
  -0.0115  |            ************                          |
  -0.0145  |           **********                             |
  -0.0175  | ***********                                      |
  -0.0205  | **********                                       |
  -0.0235  |                                                  |
  -0.0265  |                                                  |
  -0.0295  |                                                  |
  -0.0325  |                                                  |
  -0.0355  |*                                                 |
  -0.0385  |*                                                 |
         +--------------------------------------------------+
          gen 0                                        gen 1499