LEARNING CURVE - parity6
==================================================
   gen     fitness   size   cross   rec
----------------------------------------
     0    -0.50000     19      17     0
   107    -0.34375      9      26     2
   214    -0.25000      9      31     2
   321    -0.17188      9      40     5
   428    -0.14062      9      44     3
   535    -0.12500      9      42     4
   642    -0.12500      9      42     4
   749    -0.10938     10      53     3
   856    -0.10938     10      53     3
   963    -0.09375     10      52     6
  1070    -0.07812     10      53     6
  1177    -0.06250     11      60     7
  1284    -0.06250     11      60     7
  1391    -0.06250     11      60     7
  1499    -0.06250     11      60     7

ASCII PLOT (fitness over generations):
  -0.0625  |                              ********************|
  -0.1023  |              ************************************|
  -0.1420  |          ********************                    |
  -0.1818  |        ******                                    |
  -0.2216  |      ****                                        |
  -0.2614  |     ***                                          |
  -0.3011  |    **                                            |
  -0.3409  |  ***                                             |
  -0.3807  |  **                                              |
  -0.4205  |                                                  |
  -0.4602  |**                                                |
  -0.5000  |**                                                |
         +--------------------------------------------------+
          gen 0                                        gen 1499