LEARNING CURVE - parity4
==================================================
   gen     fitness   size   cross   rec
----------------------------------------
     0    -0.50000     19      18     1
     8    -0.43750     19      25     0
    16    -0.37500     19      27     0
    25    -0.37500     19      27     0
    33    -0.31250     19      40     3
    42    -0.25000     19      40     3
    50    -0.25000     19      40     3
    59    -0.18750     19      48     2
    67    -0.18750     19      48     2
    75    -0.18750     19      48     2
    84    -0.18750     19      48     2
    92    -0.06250     19      56     6
   101    -0.06250     19      56     6
   109    -0.06250     19      56     6
   118    -0.00000     19      68     5

ASCII PLOT (fitness over generations):
  -0.0000  |                                                 *|
  -0.0455  |                                      ************|
  -0.0909  |                                    ************* |
  -0.1364  |                                    **            |
  -0.1818  |                         ***********              |
  -0.2273  |               *********************              |
  -0.2727  |              ***********                         |
  -0.3182  |              *                                   |
  -0.3636  |      ********                                    |
  -0.4091  |   ***********                                    |
  -0.4545  |******                                            |
  -0.5000  |***                                               |
         +--------------------------------------------------+
          gen 0                                        gen 118