LEARNING CURVE - sin2pi
==================================================
   gen     fitness   size   cross   rec
----------------------------------------
     0    -0.05343     26      30     0
   107    -0.02169     26      69     3
   214    -0.01033     28     125     4
   321    -0.00824     28     143     4
   428    -0.00816     29     172     5
   535    -0.00791     29     185     6
   642    -0.00791     29     185     6
   749    -0.00219     30     210     5
   856    -0.00209     30     228     7
   963    -0.00206     30     242     9
  1070    -0.00206     30     242     9
  1177    -0.00206     30     242     9
  1284    -0.00205     30     280    11
  1391    -0.00193     30     291    11
  1499    -0.00193     30     291    11

ASCII PLOT (fitness over generations):
  -0.0019  |                       ***************************|
  -0.0066  |      ********************************************|
  -0.0113  |     ******************                           |
  -0.0160  |    **                                            |
  -0.0207  |   **                                             |
  -0.0253  | ***                                              |
  -0.0300  | **                                               |
  -0.0347  |                                                  |
  -0.0394  |                                                  |
  -0.0441  |                                                  |
  -0.0487  |*                                                 |
  -0.0534  |*                                                 |
         +--------------------------------------------------+
          gen 0                                        gen 1499