LEARNING CURVE - circle
==================================================
   gen     fitness   size   cross   rec
----------------------------------------
     0    -0.01107     26      29     1
    39    -0.00209     26      56     1
    79    -0.00152     26      64     1
   119    -0.00139     26      75     1
   159    -0.00134     22      49     1
   199    -0.00096     22      63     2
   239    -0.00086     23      77     2
   279    -0.00086     23      77     2
   319    -0.00070     23      92     2
   359    -0.00064     23      96     2
   399    -0.00062     23     104     2
   439    -0.00061     23     103     3
   479    -0.00061     23     103     3
   519    -0.00060     23     113     5
   559    -0.00046     23     121     5

ASCII PLOT (fitness over generations):
  -0.0005  |         *****************************************|
  -0.0014  |   ***********************************************|
  -0.0024  |   ******                                         |
  -0.0034  |                                                  |
  -0.0043  |                                                  |
  -0.0053  |  *                                               |
  -0.0062  |  *                                               |
  -0.0072  | *                                                |
  -0.0082  | *                                                |
  -0.0091  |                                                  |
  -0.0101  |*                                                 |
  -0.0111  |*                                                 |
         +--------------------------------------------------+
          gen 0                                        gen 559